CNF NAME,SOLVE STATUS,Literals,Clauses,Time (s),Decisions,Conflcits,Restarts,Load Cycle,Load %,Decide Cycle,Decide %,Propagate Cycle,Propagate %,Learn Cycle,Learn %,Min-Btrk Cycle,Min-Btrk %,Save Cycle,Save %,Allocate Cycle,Allocate %,NOT USED,NOT USED,Delete Cycle,Delete %,Literals Checked,Average Propagation Latency,Total Cycles
"037d21e060a2e3eab8b080aa84ceee75-mm-1x10-10-10-sb.1.shuffled-as.sat03-1489",0,2396,83733,1.67468,96009,37942,125,83845,0.000220618,4690080,0.0123408,163439084,0.43005,61611515,0.162116,137055764,0.360629,3246415,0.00854215,840230,0.00221086,0,0,9079590,0.0238907,4600209,35.5286,380046523
"06e928088bd822602edb83e41ce8dadb-satcoin-genesis-SAT-10",1,0,0,0,0,0,0,0,0,0,0,0,0,0,0,0,0,0,0,0,0,0,0,0,0,0,0,0
"080896c437245ac25eb6d3ad6df12c4f-bv-term-small-rw_1492.smt2",0,8204,24953,0.00411764,196,20,0,27309,0.0384025,28653,0.0402925,166855,0.234635,301611,0.424132,185521,0.260884,976,0.00137247,200,0.000281245,0,0,0,0,32266,5.17123,711125
"1427381a809c64c721838894ece6756d-shuffling-2-s25242449-of-bench-sat04-727.used-as.sat04-753",1,0,0,0,0,0,0,0,0,0,0,0,0,0,0,0,0,0,0,0,0,0,0,0,0,0,0,0
"17039a3ed02ea12653ec5389e56dab50-pbl-00070.shuffled-as.sat05-1324.shuffled-as.sat05-1324",1,257,7375,0.183476,54481,16612,62,7487,0.000188905,1324474,0.033418,18666611,0.470979,6568760,0.165737,10759524,0.271475,830300,0.0209494,244274,0.00616331,0,0,1232168,0.031089,172807,108.02,39633598
"211938776d92f11870a687abd11d55a4-iso-icl004.shuffled-as.sat05-3238",1,1001,9897,0.000836476,36,19,0,10054,0.066086,77540,0.509679,29389,0.193177,24716,0.162461,9249,0.0607947,1023,0.00672429,164,0.00107799,0,0,0,0,2418,12.1543,152135
"220bb8aa093e502c47afcdac3140d67c-vmpc_24",0,576,67872,8.35634,227848,100240,254,67988,3.56128e-05,7584890,0.00397304,1066828001,0.558815,116317918,0.0609285,696029160,0.364587,7888378,0.00413201,1815290,0.000950867,0,0,12557508,0.00657775,12770514,83.5384,1909089133
"24b93d0bf941e4b050c9109e4cb7faf4-connm-ue-csp-sat-n600-d-0.02-s1022905465.used-as.sat04-951",1,556,6427,0.36456,31134,19338,64,6632,8.12973e-05,1033016,0.0126631,26090221,0.319823,31485168,0.385956,19886271,0.243773,1091860,0.0133844,306164,0.00375306,0,0,1677802,0.0205671,1895257,13.7661,81577134
"25a654a029421baed232de5e6e19c72e-mp1-qpr-bmp280-driver-14",0,23325,95362,2.48069,42724,18856,62,95478,0.000168083,3721084,0.00655073,119599971,0.210548,194116487,0.34173,240775901,0.423871,2722424,0.00479265,455319,0.00080156,0,0,6554327,0.0115385,15295777,7.81915,568040991
"2a31b024f84fb4127d83b5e43c306ffe-mrpp_6x6#10_10",1,4931,32639,2.6465,1833001,89550,253,32755,5.87007e-05,112874638,0.202284,288079349,0.516271,54352753,0.0974064,91130579,0.163316,4308143,0.00772069,1123840,0.00201405,0,0,6097916,0.0109282,16800707,17.1469,557999973
"3988a60c6e93167763c6fd2a347d5859-Break_08_24.xml",1,3890,14188,0.256719,19284,4707,24,14300,0.000246083,828970,0.0142654,16773587,0.28865,11519685,0.198238,26178322,0.450492,559071,0.00962082,124910,0.00214952,0,0,2111674,0.0363389,1780401,9.42124,58110519
"3db38a90085107e738587a90c790384e-38bits_10.dimacs",0,448,12700,11.1642,288939,208193,510,12902,5.06797e-06,9792060,0.00384637,1314640709,0.516398,267397372,0.105035,910636992,0.357703,13448269,0.00528255,3692534,0.00145045,0,0,26170927,0.0102801,11078658,118.664,2545791765
"431bfb466be51ecd86b321b5cbce6d3c-mrpp_8x8#22_10",1,8918,72538,0.573703,566180,14271,60,72654,0.000619522,24797954,0.211453,68339347,0.582731,6893109,0.0587776,15673311,0.133647,628626,0.0053603,163710,0.00139596,0,0,705619,0.00601682,3296469,20.7311,117274330
"43e492bccfd57029b758897b17d7f04f-pb_300_09_lb_07",1,0,0,0,0,0,0,0,0,0,0,0,0,0,0,0,0,0,0,0,0,0,0,0,0,0,0,0
"44b249f51321a2bf38f730534b781bec-c880_gr_rcs_w7.shuffled",1,4592,61745,0.00829278,1976,229,2,61861,0.0391602,112766,0.0713848,653921,0.413955,249363,0.157855,466510,0.295317,18548,0.0117415,3686,0.00233337,0,0,13037,0.00825287,65291,10.0155,1579692
"47520f6d68cc6528f698f9984e533913-manthey_single-ordered-initialized-w14-b7",1,1225,8099,0.00366637,546,216,2,8286,0.0110167,15908,0.0211506,336562,0.447478,175429,0.233243,198278,0.263622,11523,0.0153205,2826,0.00375732,0,0,3319,0.0044128,36618,9.19116,752131
"483e67e61c27723eec3cfa3dbe4f07c3-mrpp_4x4#8_8",1,1744,11025,0.151815,50501,8249,33,11137,0.00033711,3302688,0.0999704,12274596,0.371545,6874921,0.2081,9423954,0.285257,429945,0.0130142,113686,0.00344121,0,0,605745,0.0183355,955372,12.848,33036672
"4blocks",1,758,47820,0.0681804,12222,2199,13,47932,0.00315754,447739,0.029495,5456526,0.35945,2328123,0.153366,6360251,0.418984,175889,0.0115867,44150,0.0029084,0,0,319578,0.0210523,148768,36.6781,15180188
"4e5e351dc69f0bd323688d4917e3ad5d-manthey_single-ordered-initialized-w20-b7",1,2170,15509,0.0967203,6147,3057,14,15621,0.000715785,181685,0.00832516,10471548,0.479827,3658386,0.167634,7078486,0.32435,200736,0.00919812,48606,0.00222722,0,0,168529,0.00772233,1037459,10.0935,21823597
"554cdbf751c29048d49473df6e87e6b1-mrpp_6x6#16_9",1,4736,37748,0.16405,132300,6505,30,37907,0.00111694,5699746,0.167945,17894349,0.527263,3734002,0.110024,5897044,0.173758,298960,0.00880896,75890,0.00223612,0,0,300280,0.00884785,1001312,17.8709,33938178
"578f9377bfbfcc6ea3a18eb630667956-ferry8_ks99i.renamed-as.sat05-4005",1,2547,32525,0.0606945,13704,2981,14,32641,0.00246606,1325895,0.100173,4662143,0.352229,3456739,0.26116,3458408,0.261286,141198,0.0106676,32192,0.00243214,0,0,126880,0.00958591,641443,7.26821,13236096
"646c5dd00cc8abd592a33e18c0d2aa39-manthey_single-ordered-initialized-w26-b7",1,3367,25295,1.87993,81948,40856,126,25407,5.94424e-05,2290967,0.00535996,216795119,0.507215,55713840,0.130348,144605000,0.338319,2884195,0.00674788,691880,0.00161873,0,0,4415979,0.0103317,19742608,10.9811,427422387
"78592b2e0120f520bcdec4099593297b-manthey_single-ordered-initialized-w22-b6",1,2112,15395,0.163131,10090,5258,28,15506,0.000421986,298101,0.00811263,17609534,0.479232,6531670,0.177755,11411937,0.310569,338465,0.00921111,81644,0.00222189,0,0,458450,0.0124764,1838347,9.579,36745307
"7aa3b29dde431cdacf17b2fb9a10afe4-Mario-t-hard-2_c18",1,0,0,0,0,0,0,0,0,0,0,0,0,0,0,0,0,0,0,0,0,0,0,0,0,0,0,0
"7b5895f110a6aa5a5ac5d5a6eb3fd322-g2-ak128modasbg1sbisc",1,0,0,0,0,0,0,0,0,0,0,0,0,0,0,0,0,0,0,0,0,0,0,0,0,0,0,0
"7c6472811be33889e96b18df1c5a6b42-manthey_DimacsSorterHalf_33_1",1,3762,12254,0.112114,2555,858,6,12509,0.000491497,163643,0.00642977,3109937,0.122194,4707073,0.184948,17146771,0.673722,122427,0.00481034,22608,0.000888301,0,0,165853,0.00651661,416339,7.46972,25450821
"7f7109dce621ef361a72b3e8cee9a962-Break_unsat_06_07.xml",1,1101,5037,1.25139,52962,40687,126,5204,1.8358e-05,1510957,0.00533017,110541263,0.389954,82105187,0.289641,81758802,0.288419,2637919,0.00930573,671074,0.00236733,0,0,4242077,0.0149647,6505638,16.9916,283472483
"804ae5e8cb6ab57438e6cb705755d693-manthey_single-ordered-initialized-w20-b10",1,3400,24005,0.038751,4095,1170,6,24117,0.00282653,117211,0.0137372,4294344,0.5033,1148074,0.134555,2823054,0.330864,70218,0.0082296,18602,0.00218017,0,0,36750,0.00430713,407951,10.5266,8532370
"911cbc796d15eb316d36c82c90fd7d11-c499_gr_2pin_w6.shuffled",1,2070,22470,0.388447,247456,18126,62,22582,0.000275607,7723054,0.0942578,46799196,0.571172,5140473,0.0627381,20141974,0.245827,864554,0.0105517,247772,0.00302399,0,0,995804,0.0121535,1314502,35.6022,81935409
"91c69a1dedfa5f2b3779e38c48356593-Problem14_label20_true-unreach-call.c",1,0,0,0,0,0,0,0,0,0,0,0,0,0,0,0,0,0,0,0,0,0,0,0,0,0,0,0
"9_6_2",1,642,5377,0.00985543,1331,579,4,5489,0.00266493,87400,0.0424331,667397,0.324024,470664,0.22851,753619,0.365885,39642,0.0192464,9332,0.00453073,0,0,26170,0.0127057,40545,16.4606,2059713
"9_6_3",1,945,8403,0.00316594,511,152,1,8531,0.0157244,27181,0.0501001,197792,0.364571,97736,0.180147,195044,0.359506,11001,0.0202771,2752,0.00507249,0,0,2497,0.00460248,12718,15.5521,542534
"9_6_4",1,1275,11537,0.00659434,1022,376,2,11648,0.00886435,67953,0.0517135,522050,0.39729,225190,0.171374,447067,0.340227,25820,0.0196495,6714,0.00510948,0,0,7585,0.00577233,35223,14.8213,1314027
"a7213279dc05d4d6f9dc8c09596a563c-manthey_single-ordered-initialized-w22-b8",1,2992,21730,0.205685,12136,5736,29,21841,0.0004701,367297,0.00790561,22353633,0.481134,7376274,0.158765,15276481,0.328807,391539,0.00842739,94114,0.00202569,0,0,579140,0.0124653,2348284,9.51914,46460319
"aacfb8797097f698d14337d3a04f3065-barman-pfile06-022.sas.ex.7",1,0,0,0,0,0,0,0,0,0,0,0,0,0,0,0,0,0,0,0,0,0,0,0,0,0,0,0
"b2a3d5cef8030d90cfe77271eaf77a11-manthey_single-ordered-initialized-w18-b8",1,2160,15054,0.0363723,3517,1344,8,15166,0.00188348,105478,0.0130994,3716582,0.461567,1508996,0.187404,2543842,0.315923,81696,0.0101459,19492,0.00242073,0,0,60849,0.00755691,405795,9.15877,8052101
"b578728a489073549fadc963981c3bee-manthey_single-ordered-initialized-w20-b8",1,2560,18240,0.101756,6447,3063,14,18351,0.000802362,196204,0.00857864,11067263,0.483895,3685098,0.161124,7512023,0.328449,192034,0.00839631,45936,0.00200846,0,0,154317,0.00674721,1139819,9.70967,22871226
"bf31eea5a8b87410f1fb83064e2cb82e-dlx1c.ucl.sat.chaff.4.1.bryant",1,15538,43398,0.0384951,2688,704,5,51433,0.00598136,596913,0.0694176,2810807,0.326881,1615506,0.187874,3453431,0.401614,39502,0.00459386,9146,0.00106363,0,0,22136,0.00257429,508092,5.53208,8598874
"blocksworldc",1,3016,50457,0.025157,1505,633,5,50569,0.00918584,167095,0.0303527,2791656,0.507103,1097205,0.199307,1337848,0.24302,32541,0.00591106,7646,0.00138889,0,0,20545,0.00373199,344595,8.10127,5505105
"bmc-ibm-1",1,9685,55870,0.0542066,9602,1380,8,55982,0.00476254,953158,0.0810877,3952990,0.336291,1630863,0.138742,5001381,0.425481,76467,0.00650525,17290,0.00147091,0,0,66528,0.00565971,482069,8.20005,11754659
"bmc-ibm-2",1,2810,11683,0.00189799,271,46,0,11856,0.0512393,51823,0.223969,94807,0.409737,30597,0.132234,39804,0.172025,2082,0.00899799,416,0.00179787,0,0,0,0,9387,10.0998,231385
"c9ce173177f091f397ac8be79fba5d66-mrpp_4x4#4_24",1,5048,27895,1.73621,1482326,31855,118,28006,7.75356e-05,119976023,0.332158,189567052,0.524823,16366495,0.0453112,31593897,0.0874688,1415612,0.00391917,345578,0.000956745,0,0,1909292,0.00528594,9355154,20.2634,361201955
"ca14adcb9296a7b31d7815c2ed16d0f1-ITC2021_Early_3.xml",1,0,0,0,0,0,0,0,0,0,0,0,0,0,0,0,0,0,0,0,0,0,0,0,0,0,0,0
"ca42f722a9523776454f8eb6ec9bce69-manthey_single-ordered-initialized-w12-b6",1,792,5055,0.00264919,355,189,1,5167,0.00957432,11807,0.0218781,226432,0.419573,142208,0.263508,141257,0.261746,9522,0.017644,2174,0.00402837,0,0,1106,0.00204939,23647,9.57551,539673
"ccc709abdca6bf542e17a4c3152f4c55-manthey_single-ordered-initialized-w18-b7",1,1827,12775,0.0664827,5739,2595,14,12887,0.000864143,160902,0.0107893,6894444,0.46231,2747544,0.184238,4713724,0.316081,168094,0.0112716,41910,0.00281029,0,0,173539,0.0116367,684745,10.0686,14913044
"dp10s10.shuffled",1,7759,23004,0.0475541,5085,1035,6,25808,0.00245418,1390053,0.132185,4332213,0.411966,2008047,0.190953,2634424,0.250517,58516,0.0055645,14716,0.0013994,0,0,52172,0.00496123,792738,5.46487,10515949
"e17d3f94f2c0e11ce6143bc4bf298bd7-mp1-qpr-bmp280-driver-5",0,24070,98559,2.0108,82515,41123,126,98671,0.000215679,6240857,0.0136415,134008205,0.29292,129586392,0.283255,176538257,0.385884,3343390,0.0073081,798042,0.00174439,0,0,6877070,0.0150321,15434349,8.68247,457490884
"e185ebbd92c23ab460a3d29046eccf1d-group_mulr",1,0,0,0,0,0,0,0,0,0,0,0,0,0,0,0,0,0,0,0,0,0,0,0,0,0,0,0
"f407105cf315c262ec5e3a743148a4ea-manthey_single-ordered-initialized-w24-b9",1,3996,29400,0.929304,44334,18489,62,29512,0.000139701,1270935,0.00601623,106473646,0.504015,25730012,0.121798,73836634,0.349521,1391647,0.00658765,332514,0.00157402,0,0,2186029,0.010348,9313565,11.4321,211250929
"f613b20d9347bdac226b166cfffddeda-manthey_single-ordered-initialized-w24-b7",1,2940,21769,0.662856,33357,16306,62,21881,0.000145561,978348,0.00650836,74307245,0.494321,20710717,0.137776,51064110,0.339699,1136500,0.00756044,274992,0.00182935,0,0,1828047,0.0121609,6828470,10.882,150321840
"fce130da1efd25fa9b12e59620a4146b-g2-ak128diagobg1btaig",1,0,0,0,0,0,0,0,0,0,0,0,0,0,0,0,0,0,0,0,0,0,0,0,0,0,0,0
"ff6b6ad55c0dffe034bc8daa9129ff1d-satcoin-genesis-SAT-10-sc2018",1,0,0,0,0,0,0,0,0,0,0,0,0,0,0,0,0,0,0,0,0,0,0,0,0,0,0,0
"logistics-rotate-07t5.shuffled-as.sat05-1137",1,2721,88373,1.08793,62319,39643,126,88528,0.000360239,1829561,0.00744487,119920037,0.48798,35966031,0.146353,79560775,0.32375,2623313,0.0106748,721408,0.00293556,0,0,5038265,0.0205018,6306237,19.0161,245747918
"logisticsd",1,4713,21991,0.00770539,724,92,0,22103,0.0147558,169345,0.113054,320140,0.213723,228682,0.152667,749641,0.500456,6628,0.00442481,1378,0.000919944,0,0,0,0,42859,7.46961,1497917
"qg6-10",1,1000,33466,0.00774528,443,282,2,33618,0.0207134,14400,0.00887244,730008,0.449788,377861,0.232816,438395,0.270113,20393,0.012565,4324,0.0026642,0,0,4005,0.00246765,42390,17.2212,1623004
"qg6-11",1,1331,49204,0.0372114,1403,1071,6,49319,0.0059401,46379,0.005586,3984532,0.479907,1643773,0.19798,2446904,0.294711,84051,0.0101233,16244,0.00195647,0,0,31522,0.00379659,221637,17.9777,8302724
"qg6-12",1,1728,69931,0.925617,21454,16080,62,70046,0.000331837,823266,0.00390016,109654328,0.519479,28638651,0.135673,68540552,0.324705,1411259,0.00668573,274096,0.00129851,0,0,1673160,0.00792646,4073172,26.9211,211085358
"qg7-10",1,1000,33736,0.00156435,118,61,0,33848,0.11165,4402,0.0145203,125348,0.413469,64149,0.2116,70939,0.233997,3794,0.0125148,682,0.00224962,0,0,0,0,7401,16.9366,303162
"qg7-11",1,1331,49534,0.0261285,1561,970,6,49645,0.00863516,52570,0.00914392,2621006,0.455893,1285737,0.223639,1625004,0.28265,72450,0.0126018,15272,0.00265638,0,0,27489,0.00478138,141805,18.4832,5749173
"qg7-12",1,1728,70327,0.291965,10092,6438,30,70439,0.00106101,344745,0.00519284,33842964,0.509771,9452070,0.142375,21450764,0.323109,525246,0.00791169,109468,0.0016489,0,0,592873,0.00893035,1242711,27.2332,66388569
"rand_net60-30-1.shuffled",1,3600,10681,0.402052,5509,2598,14,11992,0.000130483,554552,0.00603398,7541785,0.0820607,10341856,0.112528,72813700,0.792272,223326,0.00242997,43592,0.000474316,0,0,374098,0.00407049,1269648,5.94006,91904901
