"dp10s10.shuffled",1,7759,23004,0.0479651,5085,1035,6,25729,0.00244588,1390039,0.132141,4335675,0.412163,2008047,0.190891,2634424,0.250436,58516,0.00556271,14716,0.00139895,0,0,52187,0.00496106,792738,5.46924,10519333
"rand_net60-30-1.shuffled",1,3600,10681,0.401821,5509,2598,14,12019,0.000130776,554552,0.00603397,7541785,0.0820607,10341856,0.112528,72813700,0.792272,223326,0.00242997,43592,0.000474316,0,0,374113,0.00407065,1269648,5.94006,91904943
"battleship-6-9-unsat",1,54,171,0.214113,12825,10717,45,332,6.91539e-06,342431,0.00713266,23326106,0.485871,6707686,0.139718,15745908,0.327979,616096,0.012833,185236,0.00385837,0,0,1085094,0.0226019,167372,139.367,48008889
"logistics-rotate-07t5.shuffled-as.sat05-1137",1,2721,88373,1.08806,62319,39643,126,88554,0.000360344,1829561,0.00744486,119920037,0.487979,35966031,0.146353,79560775,0.323749,2623313,0.0106748,721408,0.00293556,0,0,5038656,0.0205033,6306237,19.0161,245748335
"289-sat-6x30",1,720,27360,0.556123,96458,31309,115,27471,0.000222959,3336430,0.027079,47104176,0.382305,20901242,0.169638,39700499,0.322215,2544588,0.0206523,693608,0.00562943,0,0,8903003,0.0722582,798682,58.9774,123211017
"php-010-008.shuffled-as.sat05-1171",1,80,370,1.9516,57746,45591,132,481,1.08333e-06,1532101,0.00345068,239599967,0.53964,27906321,0.0628521,164515161,0.37053,2974746,0.00669988,882662,0.00198798,0,0,6588195,0.0148383,750999,319.042,443999634
"marg3x3add8.shuffled-as.sat03-1449",1,41,224,0.328674,46446,33256,123,449,6.24281e-06,1197272,0.0166466,32879044,0.457144,11951783,0.166175,20955540,0.291362,1662565,0.023116,494146,0.00687051,0,0,2781916,0.0386792,230596,142.583,71922715
"marg3x3add8ch.shuffled-as.sat03-1448",1,41,272,6.38738,396600,278519,654,384,2.66791e-07,10233992,0.00711024,766877469,0.532801,102781824,0.0714094,514680731,0.357583,14517670,0.0100864,4254944,0.0029562,0,0,25983862,0.0180527,1975509,388.192,1439330876
"bmc-ibm-1",1,9685,55870,0.0542246,9602,1380,8,55982,0.00476254,953158,0.0810877,3952990,0.336291,1630863,0.138742,5001381,0.425481,76467,0.00650525,17290,0.00147091,0,0,66528,0.00565971,482069,8.20005,11754659
"bmc-ibm-2",1,2810,11683,0.00201655,271,46,0,11795,0.0509891,51823,0.224028,94807,0.409845,30597,0.132269,39804,0.17207,2082,0.00900036,416,0.00179834,0,0,0,0,9387,10.0998,231324
"bmc-ibm-5",1,9396,41207,0.00823855,2557,98,0,41318,0.0286007,389702,0.269755,619642,0.428922,113777,0.0787575,273945,0.189627,5219,0.00361264,1046,0.000724051,0,0,0,0,60982,10.1611,1444649
"bmc-ibm-7",1,8710,39774,0.0039739,626,14,0,39886,0.0759581,223737,0.42608,212888,0.40542,6401,0.0121899,41695,0.0794032,386,0.000735091,112,0.000213291,0,0,0,0,24046,8.85336,525105
"ssa7552-160",1,1391,3126,0.000882744,155,8,0,4622,0.0786549,19280,0.328098,28022,0.476865,4123,0.0701632,2409,0.0409952,243,0.00413526,64,0.00108912,0,0,0,0,1875,14.9451,58763
"ssa0432-003",1,435,1027,0.00126546,229,58,0,1415,0.00872616,11420,0.070426,62090,0.382903,57431,0.354171,26893,0.165846,2443,0.0150657,464,0.00286144,0,0,0,0,5023,12.3611,162156
"ssa2670-141",1,4843,2315,0.00670493,674,271,2,16009,0.0119324,91351,0.0680889,284281,0.21189,418099,0.311632,508607,0.379092,14080,0.0104946,3144,0.00234339,0,0,6073,0.00452654,37032,7.67663,1341644
"ssa6288-047",1,17303,34238,0.000923374,1,0,0,57289,0.8861,0,0,7364,0.1139,0,0,0,0,0,0,0,0,0,0,0,0,6996,1.0526,64653
"qg3-08",1,512,10469,0.000980468,38,18,0,10580,0.1148,1797,0.0194987,31245,0.33903,22995,0.249512,23621,0.256304,1478,0.0160373,444,0.00481771,0,0,0,0,2109,14.8151,92160
"qg6-10",1,1000,33466,0.00788955,443,282,2,33578,0.0206893,14400,0.00887266,730008,0.4498,377861,0.232822,438395,0.27012,20393,0.0125653,4324,0.00266426,0,0,4004,0.00246709,42390,17.2212,1622963
"qg6-11",1,1331,49204,0.0372765,1403,1071,6,49316,0.00593974,46379,0.005586,3984532,0.479906,1643773,0.19798,2446904,0.294711,84051,0.0101233,16244,0.00195647,0,0,31527,0.00379719,221637,17.9777,8302726
"qg6-12",1,1728,69931,0.925766,21454,16080,62,70043,0.000331823,823266,0.00390016,109654328,0.519479,28638651,0.135673,68540552,0.324706,1411259,0.00668573,274096,0.00129851,0,0,1672971,0.00792557,4073172,26.9211,211085166
"qg7-10",1,1000,33736,0.00208687,118,61,0,33847,0.111647,4402,0.0145203,125348,0.41347,64149,0.2116,70939,0.233998,3794,0.0125148,682,0.00224963,0,0,0,0,7401,16.9366,303161
"qg7-11",1,1331,49534,0.0262052,1561,970,6,49650,0.00863602,52570,0.00914392,2621006,0.455892,1285737,0.223638,1625004,0.28265,72450,0.0126018,15272,0.00265638,0,0,27488,0.00478121,141805,18.4832,5749177
"qg7-12",1,1728,70327,0.292385,10092,6438,30,70438,0.001061,344745,0.00519284,33842964,0.509772,9452070,0.142375,21450764,0.32311,525246,0.0079117,109468,0.0016489,0,0,592794,0.00892917,1242711,27.2332,66388489
"nqueens_16",1,256,6336,0.000791099,82,4,0,6448,0.222329,2212,0.0762706,8795,0.303255,2147,0.0740294,9081,0.313116,287,0.00989587,32,0.00110337,0,0,0,0,344,25.5669,29002
"nqueens_32",1,1024,52608,0.0100865,841,134,1,52719,0.0252318,32419,0.0155161,200063,0.0957521,162744,0.0778909,1604515,0.767937,26581,0.0127219,4184,0.0020025,0,0,6159,0.00294776,5555,36.0149,2089384
"sudoku_9_3_3",1,729,8910,0.000903159,204,7,0,9022,0.200458,7691,0.170885,22446,0.498722,1921,0.0426822,3540,0.0786544,331,0.00735441,56,0.00124425,0,0,0,0,1163,19.3001,45007
"blocksworld",1,459,7054,0.000698359,33,12,0,7166,0.145662,2931,0.059578,23411,0.475872,7745,0.157431,7415,0.150724,432,0.0087812,96,0.00195138,0,0,0,0,2384,9.82005,49196
"blocksworldc",1,3016,50457,0.025372,1505,633,5,50569,0.00918584,167094,0.0303525,2791656,0.507103,1097205,0.199307,1337848,0.243019,32541,0.00591106,7646,0.00138889,0,0,20547,0.00373235,344595,8.10127,5505106
"4blocks",1,758,47820,0.0686156,12222,2199,13,48023,0.0031635,447739,0.0294946,5456526,0.359446,2328123,0.153364,6360251,0.418979,175889,0.0115866,44150,0.00290836,0,0,319660,0.0210575,148768,36.6781,15180361
"logisticsa",1,828,6718,0.00256743,1009,145,1,6833,0.0187081,50887,0.139324,155625,0.426087,59460,0.162796,83891,0.229686,6244,0.0170955,1414,0.00387141,0,0,888,0.00243126,10436,14.9123,365242
"logisticsb",1,843,7301,0.00438112,2096,282,2,7413,0.00995361,111787,0.150099,326335,0.438178,117028,0.157136,162980,0.218837,12632,0.0169613,3288,0.00441487,0,0,3292,0.00442025,24256,13.4538,744755
"logisticsc",1,1141,10719,0.0061461,3600,371,2,10830,0.00930428,186110,0.159891,517081,0.444235,163952,0.140855,261354,0.224535,16945,0.0145578,4048,0.00347772,0,0,3660,0.00314438,34034,15.1931,1163980
"logisticsd",1,4713,21991,0.00761863,724,92,0,22102,0.0151662,128744,0.0883433,320140,0.219678,228682,0.15692,749641,0.514399,6628,0.00454809,1378,0.000945575,0,0,0,0,42859,7.46961,1457315
"4_4_1",1,82,434,0.000641169,24,18,0,546,0.0231043,1354,0.0572952,6027,0.255036,10331,0.437161,4324,0.182972,816,0.0345295,234,0.00990183,0,0,0,0,518,11.6351,23632
"4_4_2",1,176,1054,0.00164654,161,124,1,1170,0.00573496,5535,0.0271308,55147,0.270313,89315,0.437793,43478,0.213115,6625,0.0324736,1592,0.00780346,0,0,1150,0.00563692,4692,11.7534,204012
"4_4_3",1,252,1614,0.0027178,466,248,2,1726,0.00391693,21585,0.0489843,142242,0.3228,159410,0.36176,95939,0.217721,12817,0.0290865,3438,0.00780209,0,0,3494,0.00792918,12071,11.7838,440651
"4_4_4",1,346,2246,0.00172062,223,109,1,2362,0.00910738,18434,0.0710777,81685,0.31496,89199,0.343933,58339,0.224943,6288,0.0242452,1610,0.00620783,0,0,1433,0.00552535,8193,9.9701,259350
"9_6_1",1,312,2261,0.00118177,85,50,0,2475,0.0202168,3376,0.0275765,31312,0.255769,39531,0.322905,41903,0.34228,3052,0.02493,774,0.00632234,0,0,0,0,2474,12.6564,122423
"9_6_2",1,642,5377,0.010022,1331,579,4,5489,0.00266493,87400,0.0424331,667397,0.324024,470664,0.228509,753619,0.365885,39642,0.0192464,9332,0.00453073,0,0,26171,0.0127061,40545,16.4606,2059714
"9_6_3",1,945,8403,0.00303349,511,152,1,8514,0.0156935,27181,0.0501017,197792,0.364582,97736,0.180153,195044,0.359517,11001,0.0202777,2752,0.00507265,0,0,2497,0.00460262,12718,15.5521,542517
"9_6_4",1,1275,11537,0.00671293,1022,376,2,11652,0.00886736,67953,0.0517134,522050,0.397289,225190,0.171373,447067,0.340225,25820,0.0196494,6714,0.00510946,0,0,7586,0.00577307,35223,14.8213,1314032
"9_8_7",1,3132,28620,0.000784139,24,11,0,28732,0.638191,525,0.0116612,6130,0.136159,5873,0.13045,3315,0.0736323,358,0.00795184,88,0.00195464,0,0,0,0,482,12.7178,45021
"16_8_5",1,3948,45759,0.000877569,10,4,0,45871,0.7526,238,0.00390484,10839,0.177834,2262,0.0371124,1609,0.0263987,99,0.00162428,32,0.000525021,0,0,0,0,525,20.6457,60950
"16_8_6",1,4716,55311,0.000903018,11,4,0,55427,0.763815,259,0.00356916,13009,0.179271,1898,0.0261555,1807,0.0249015,134,0.00184659,32,0.000440978,0,0,0,0,550,23.6527,72566
"16_8_7",1,5484,64894,0.000955178,19,8,0,65006,0.722465,441,0.0049012,17317,0.192458,3962,0.044033,2907,0.0323079,269,0.00298962,76,0.000844651,0,0,0,0,682,25.3915,89978
"16_16_3",1,5544,56261,0.00108775,105,12,0,56373,0.4655,2900,0.0239468,41553,0.343124,2787,0.0230137,16798,0.13871,553,0.0045664,138,0.00113954,0,0,0,0,2218,18.7344,121102
"hole7_unsat",1,56,204,0.125244,8835,7192,30,315,1.1282e-05,235971,0.00845153,13309533,0.476694,4241036,0.151897,9041029,0.323813,413028,0.014793,123520,0.00442399,0,0,556084,0.0199167,123253,107.985,27920516
"hole8_unsat",1,72,297,0.690941,29491,23192,83,413,2.64083e-06,790812,0.00505666,81092297,0.518526,13866845,0.0886683,55584000,0.355419,1432450,0.00915946,431490,0.00275906,0,0,3191855,0.0204096,376654,215.297,156390162
"hole9_unsat",0,90,415,5.97264,135829,102372,254,526,3.85941e-07,3605319,0.00264532,746756873,0.547916,68872014,0.0505333,516914776,0.379275,7450747,0.00546682,2154190,0.00158059,0,0,17148355,0.0125822,1827941,408.524,1362902800
"uf100-010_sat",1,100,430,0.00136524,160,115,1,541,0.00321477,8324,0.0494634,46403,0.275739,85472,0.507897,20057,0.119184,5236,0.0311137,1414,0.00840236,0,0,839,0.00498556,3901,11.8952,168286
"uuf100-02_unsat",1,100,430,0.00478599,732,600,5,541,0.000615501,18480,0.0210249,239565,0.272555,443373,0.50443,129863,0.147746,27401,0.0311744,7618,0.00866707,0,0,12118,0.0137868,18346,13.0582,878959
"uf125-01_sat",1,125,538,0.00466485,737,541,4,654,0.000739796,19807,0.0224054,237839,0.26904,452078,0.511384,131146,0.148351,25716,0.0290896,7200,0.00814454,0,0,9588,0.0108458,19672,12.0902,884028
"uuf125-05_unsat",1,125,538,0.00734716,1080,871,6,649,0.00045525,26285,0.018438,389252,0.273046,715948,0.502212,223069,0.156475,40832,0.0286422,11052,0.00775259,0,0,18502,0.0129785,30186,12.8951,1425589
"uf150-08_sat",1,150,645,0.00149283,175,128,1,761,0.0035883,7047,0.0332283,55425,0.261343,110212,0.519677,29070,0.137072,6464,0.0304794,1884,0.00888352,0,0,1215,0.00572902,5347,10.3656,212078
"CBS_k3_n100_m403_b10_1_sat",1,100,403,0.00208791,285,214,2,636,0.00203855,8706,0.0279051,83954,0.269095,160645,0.514911,42478,0.136154,10028,0.0321425,2742,0.00878886,0,0,2797,0.00896515,6767,12.4064,311986
"aim-200-3_4-yes1-4",1,200,680,0.00291079,566,307,2,791,0.00158947,17074,0.0343093,144903,0.291175,229494,0.461155,84687,0.170174,14196,0.0285261,3488,0.00700894,0,0,3017,0.00606249,11088,13.0685,497650
"aim-200-1_6-no-4",1,200,320,0.000639499,228,24,0,736,0.0204621,5613,0.156051,21644,0.60174,4539,0.126192,2431,0.067586,814,0.0226306,192,0.00533793,0,0,0,0,492,43.9919,35969
"ii16e2_sat",1,532,7825,0.00477767,475,140,1,7991,0.00874135,19909,0.0217784,420623,0.460119,113960,0.124661,339080,0.370919,8214,0.00898529,2384,0.00260786,0,0,2000,0.0021878,13655,30.8036,914161
"ii32e1_sat",1,222,1186,0.000524669,41,1,0,1298,0.117127,3067,0.276755,5190,0.468327,241,0.021747,1197,0.108013,69,0.00622631,20,0.00180473,0,0,0,0,227,22.8634,11082
